1.0 3.31
2.0 3.06
3.0 3.25
4.0 3.12
5.0 2.91
6.0 3.34
7.0 3.12
8.0 2.06
9.0 4.11
10.0 3.21
11.0 3.12
12.0 3.07
13.0 3.19
14.0 3.12
15.0 3.12
16.0 3.00
17.0 3.25
18.0 2.93
19.0 3.13
20.0 3.23
21.0 3.22
22.0 3.04
23.0 3.02
24.0 3.32
25.0 3.12
26.0 3.00
27.0 3.12
28.0 3.25
29.0 3.00
30.0 3.22
31.0 3.15
32.0 3.12
33.0 3.12
34.0 3.12
35.0 3.12
36.0 3.12
37.0 3.12
38.0 3.12
39.0 3.12
40.0 3.11
41.0 3.08
42.0 3.19
43.0 2.97
44.0 3.28
45.0 3.00
46.0 3.24
47.0 3.13
48.0 3.12
49.0 3.12
50.0 3.12
51.0 3.12
52.0 2.00
53.0 4.25
54.0 2.99
55.0 3.13
56.0 3.12
57.0 1.69
58.0 0.00
59.0 0.00
60.0 0.00
61.0 0.00
62.0 0.00
63.0 0.00
64.0 0.00
65.0 0.00
66.0 0.00
67.0 7.83
68.0 23.3
69.0 7.80
70.0 3.12
71.0 2.12
72.0 0.00
73.0 0.00
74.0 0.00
75.0 0.00
76.0 0.00
77.0 0.00
78.0 0.00
79.0 0.00
80.0 0.00
81.0 5.18
82.0 2.63
83.0 0.00
84.0 0.00
85.0 0.00
86.0 0.00
87.0 0.00
88.0 0.00
89.0 0.00
90.0 0.00
91.0 0.00
92.0 10.9
93.0 0.00
94.0 0.00
95.0 0.00
96.0 0.00
97.0 0.00
98.0 0.00
99.0 0.00
100.0 0.00
101.0 0.00
102.0 3.98
103.0 12.0
104.0 0.00
105.0 0.00
106.0 0.00
107.0 0.00
108.0 0.00
109.0 0.00
110.0 0.00
111.0 0.00
112.0 0.00
113.0 13.2
114.0 0.00
115.0 0.00
116.0 0.00
117.0 0.00
118.0 0.00
119.0 0.00
120.0 0.00
121.0 0.00
122.0 0.00
123.0 4.63
124.0 0.00
125.0 0.00
126.0 0.00
127.0 0.00
128.0 0.00
129.0 0.00
130.0 0.00
131.0 0.00
132.0 0.00
133.0 0.00
134.0 10.6
135.0 0.00
136.0 0.00
137.0 0.00
138.0 0.00
139.0 0.00
140.0 0.00
141.0 0.00
142.0 0.00
143.0 0.00
144.0 5.67
145.0 0.00
146.0 0.00
147.0 0.00
148.0 0.00
149.0 0.00
150.0 0.00
151.0 0.00
152.0 0.00
153.0 0.00
154.0 0.00
155.0 804
156.0 0.00
157.0 0.00
158.0 0.00
159.0 0.00
160.0 0.00
161.0 0.00
162.0 0.00
163.0 0.00
164.0 0.00
165.0 16.9
166.0 11.7
167.0 0.00
168.0 0.00
169.0 0.00
170.0 0.00
171.0 0.00
172.0 0.00
173.0 0.00
174.0 0.00
175.0 0.00
176.0 5.89
177.0 6.74
178.0 0.00
179.0 0.00
180.0 0.00
181.0 0.00
182.0 0.00
183.0 0.00
184.0 0.00
185.0 0.00
186.0 0.00
187.0 12.5
188.0 0.00
189.0 0.00
190.0 0.00
191.0 0.00
192.0 0.00
193.0 0.00
194.0 0.00
195.0 0.00
196.0 0.00
197.0 2.89
198.0 28.5
199.0 33.4
200.0 1.65
