1.0 1.07
2.0 1.03
3.0 1.03
4.0 1.07
5.0 1.05
6.0 1.05
7.0 1.06
8.0 1.05
9.0 1.05
10.0 1.05
11.0 0.976
12.0 1.12
13.0 1.06
14.0 0.100
15.0 0.988
16.0 1.14
17.0 1.06
18.0 1.05
19.0 1.05
20.0 1.02
21.0 1.08
22.0 1.05
23.0 1.03
24.0 1.02
25.0 1.08
26.0 1.05
27.0 1.03
28.0 1.06
29.0 1.05
30.0 1.06
31.0 1.05
32.0 1.05
33.0 1.06
34.0 1.05
35.0 1.05
36.0 1.05
37.0 1.05
38.0 0.917
39.0 1.19
40.0 1.03
41.0 1.06
42.0 1.03
43.0 1.01
44.0 1.09
45.0 0.882
46.0 1.22
47.0 1.05
48.0 1.05
49.0 1.02
50.0 0.906
51.0 1.21
52.0 1.05
53.0 1.06
54.0 1.03
55.0 1.05
56.0 1.07
57.0 1.05
58.0 1.05
59.0 1.05
60.0 1.05
61.0 1.05
62.0 1.01
63.0 1.09
64.0 1.02
65.0 1.07
66.0 0.976
67.0 1.11
68.0 1.06
69.0 1.02
70.0 1.08
71.0 1.05
72.0 1.02
73.0 0.941
74.0 1.15
75.0 1.05
76.0 1.08
77.0 1.05
78.0 1.05
79.0 1.03
80.0 1.07
81.0 1.05
82.0 1.05
83.0 1.05
84.0 1.06
85.0 0.870
86.0 1.21
87.0 1.06
88.0 1.03
89.0 1.05
90.0 1.06
91.0 0.917
92.0 1.19
93.0 1.05
94.0 1.03
95.0 1.06
96.0 1.05
97.0 1.02
98.0 1.07
99.0 1.05
100.0 1.05
101.0 1.01
102.0 1.09
103.0 1.03
104.0 1.06
105.0 1.06
106.0 1.05
107.0 1.05
108.0 1.06
109.0 1.05
110.0 1.03
111.0 1.06
112.0 1.05
113.0 1.05
114.0 0.976
115.0 1.13
116.0 1.03
117.0 1.06
118.0 0.953
119.0 1.11
120.0 1.09
121.0 0.976
122.0 1.08
123.0 1.05
124.0 1.06
125.0 1.08
126.0 1.01
127.0 1.08
128.0 1.05
129.0 1.05
130.0 1.02
131.0 1.06
132.0 1.06
133.0 1.06
134.0 1.05
135.0 1.000
136.0 1.09
137.0 0.882
138.0 1.22
139.0 1.05
140.0 1.05
141.0 0.941
142.0 0.870
143.0 1.34
144.0 1.03
145.0 1.06
146.0 1.05
147.0 1.05
148.0 1.03
149.0 1.06
150.0 1.06
151.0 1.03
152.0 1.06
153.0 1.02
154.0 1.07
155.0 1.05
156.0 1.06
157.0 1.02
158.0 1.07
159.0 1.05
160.0 1.05
161.0 1.06
162.0 1.03
163.0 1.05
164.0 1.02
165.0 1.08
166.0 1.05
167.0 1.05
168.0 1.06
169.0 1.05
170.0 1.05
171.0 1.05
172.0 1.05
173.0 1.06
174.0 1.03
175.0 1.06
176.0 1.02
177.0 1.07
178.0 1.03
179.0 1.07
180.0 1.05
181.0 1.03
182.0 1.06
183.0 1.01
184.0 1.05
185.0 1.08
186.0 1.05
187.0 1.06
188.0 1.03
189.0 1.06
190.0 1.05
191.0 1.05
192.0 1.06
193.0 1.05
194.0 1.05
195.0 1.05
196.0 1.05
197.0 1.06
198.0 1.03
199.0 1.05
200.0 1.06
