1.0 27.8
2.0 25.7
3.0 27.3
4.0 26.2
5.0 24.4
6.0 28.0
7.0 26.2
8.0 17.3
9.0 34.5
10.0 26.9
11.0 26.2
12.0 25.7
13.0 26.7
14.0 26.2
15.0 26.2
16.0 25.2
17.0 27.3
18.0 24.6
19.0 26.2
20.0 27.1
21.0 27.0
22.0 25.5
23.0 25.3
24.0 27.8
25.0 26.2
26.0 25.2
27.0 26.2
28.0 27.3
29.0 25.2
30.0 27.0
31.0 26.4
32.0 26.2
33.0 26.2
34.0 26.2
35.0 26.2
36.0 26.2
37.0 26.2
38.0 26.2
39.0 26.2
40.0 26.1
41.0 25.8
42.0 26.8
43.0 24.9
44.0 27.5
45.0 25.2
46.0 27.2
47.0 26.3
48.0 26.2
49.0 26.2
50.0 26.2
51.0 26.2
52.0 16.8
53.0 35.7
54.0 25.1
55.0 26.3
56.0 26.2
57.0 14.2
58.0 0.00
59.0 0.00
60.0 0.00
61.0 0.00
62.0 0.00
63.0 0.00
64.0 0.00
65.0 0.00
66.0 0.00
67.0 65.7
68.0 195
69.0 65.4
70.0 26.2
71.0 17.8
72.0 0.00
73.0 0.00
74.0 0.00
75.0 0.00
76.0 0.00
77.0 0.00
78.0 0.00
79.0 0.00
80.0 0.00
81.0 43.4
82.0 22.1
83.0 0.00
84.0 0.00
85.0 0.00
86.0 0.00
87.0 0.00
88.0 0.00
89.0 0.00
90.0 0.00
91.0 0.00
92.0 91.2
93.0 0.00
94.0 0.00
95.0 0.00
96.0 0.00
97.0 0.00
98.0 0.00
99.0 0.00
100.0 0.00
101.0 0.00
102.0 33.4
103.0 100
104.0 0.00
105.0 0.00
106.0 0.00
107.0 0.00
108.0 0.00
109.0 0.00
110.0 0.00
111.0 0.00
112.0 0.00
113.0 111
114.0 0.00
115.0 0.00
116.0 0.00
117.0 0.00
118.0 0.00
119.0 0.00
120.0 0.00
121.0 0.00
122.0 0.00
123.0 38.9
124.0 0.00
125.0 0.00
126.0 0.00
127.0 0.00
128.0 0.00
129.0 0.00
130.0 0.00
131.0 0.00
132.0 0.00
133.0 0.00
134.0 89.1
135.0 0.00
136.0 0.00
137.0 0.00
138.0 0.00
139.0 0.00
140.0 0.00
141.0 0.00
142.0 0.00
143.0 0.00
144.0 47.6
145.0 0.00
146.0 0.00
147.0 0.00
148.0 0.00
149.0 0.00
150.0 0.00
151.0 0.00
152.0 0.00
153.0 0.00
154.0 0.00
155.0 6.59
156.0 0.00
157.0 0.00
158.0 0.00
159.0 0.00
160.0 0.00
161.0 0.00
162.0 0.00
163.0 0.00
164.0 0.00
165.0 142
166.0 97.7
167.0 0.00
168.0 0.00
169.0 0.00
170.0 0.00
171.0 0.00
172.0 0.00
173.0 0.00
174.0 0.00
175.0 0.00
176.0 49.4
177.0 56.6
178.0 0.00
179.0 0.00
180.0 0.00
181.0 0.00
182.0 0.00
183.0 0.00
184.0 0.00
185.0 0.00
186.0 0.00
187.0 105
188.0 0.00
189.0 0.00
190.0 0.00
191.0 0.00
192.0 0.00
193.0 0.00
194.0 0.00
195.0 0.00
196.0 0.00
197.0 24.3
198.0 239
199.0 280
200.0 13.8
