 131
 126
 126
 131
 128
 128
 129
 128
 128
 128
 119
 136
 129
 122
 121
 139
 129
 128
 128
 125
 132
 128
 126
 125
 132
 128
 126
 129
 128
 129
 128
 128
 129
 128
 128
 128
 128
 112
 145
 126
 129
 126
 123
 134
 108
 149
 128
 128
 125
 111
 148
 128
 129
 126
 128
 131
 128
 128
 128
 128
 128
 123
 134
 125
 131
 119
 135
 129
 125
 132
 128
 125
 115
 141
 128
 132
 128
 128
 126
 131
 128
 128
 128
 129
 106
 148
 129
 126
 128
 129
 112
 145
 128
 126
 129
 128
 125
 131
 128
 128
 123
 134
 126
 129
 129
 128
 128
 129
 128
 126
 129
 128
 128
 119
 138
 128
 129
 116
 135
 134
 119
 132
 128
 129
 132
 123
 132
 128
 128
 125
 129
 129
 129
 128
 122
 134
 108
 149
 128
 128
 115
 106
 164
 126
 129
 128
 128
 126
 129
 129
 126
 129
 125
 131
 128
 129
 125
 131
 128
 128
 129
 126
 128
 125
 132
 128
 128
 129
 128
 128
 128
 128
 129
 126
 129
 125
 131
 126
 131
 128
 126
 129
 123
 128
 132
 128
 129
 126
 129
 128
 128
 129
 128
 128
 128
 128
 129
 126
 128
 129
