1.0 0.151
2.0 0.175
3.0 0.067
4.0 0.080
5.0 0.138
6.0 0.158
7.0 0.066
8.0 0.198
9.0 0.136
10.0 0.171
11.0 0.086
12.0 0.165
13.0 0.116
14.0 0.091
15.0 0.110
16.0 0.223
17.0 0.170
18.0 0.134
19.0 0.172
20.0 0.233
21.0 0.141
22.0 0.183
23.0 0.099
24.0 0.037
25.0 0.174
26.0 0.148
27.0 0.189
28.0 0.161
29.0 0.121
30.0 0.162
31.0 0.132
32.0 0.115
33.0 0.169
34.0 0.141
35.0 0.128
36.0 0.200
37.0 0.104
38.0 0.206
39.0 0.150
40.0 2.150
41.0 4.951
42.0 2.516
43.0 2.301
44.0 4.477
45.0 3.600
46.0 3.480
47.0 3.114
48.0 3.644
49.0 0.986
50.0 0.419
51.0 2.463
52.0 2.539
53.0 2.261
54.0 2.451
55.0 3.938
56.0 2.702
57.0 1.526
58.0 1.178
59.0 2.332
60.0 1.251
61.0 4.592
62.0 1.170
63.0 3.194
64.0 2.541
65.0 2.797
66.0 1.728
67.0 0.315
68.0 1.237
69.0 1.021
70.0 1.442
71.0 2.419
72.0 0.961
73.0 1.839
74.0 0.711
75.0 1.352
76.0 1.906
77.0 1.957
78.0 2.839
79.0 1.442
80.0 3.300
81.0 3.204
82.0 2.695
83.0 1.858
84.0 1.982
85.0 1.602
86.0 2.476
87.0 2.640
88.0 1.691
89.0 1.929
90.0 1.308
91.0 1.755
92.0 2.104
93.0 2.598
94.0 1.825
95.0 2.472
96.0 1.645
97.0 1.675
98.0 1.530
99.0 2.567
100.0 3.756
101.0 0.856
102.0 1.306
103.0 1.572
104.0 1.532
105.0 1.332
106.0 1.435
107.0 1.386
108.0 1.272
109.0 1.805
110.0 1.476
111.0 1.473
112.0 1.170
113.0 0.879
114.0 0.697
115.0 2.013
116.0 1.447
117.0 1.133
118.0 0.761
119.0 0.726
120.0 1.497
121.0 1.331
122.0 0.609
123.0 1.240
124.0 0.843
125.0 1.540
126.0 1.212
127.0 2.106
128.0 0.280
129.0 0.936
130.0 0.662
131.0 0.613
132.0 1.826
133.0 1.332
134.0 0.899
135.0 0.408
136.0 1.173
137.0 2.338
138.0 0.651
139.0 0.244
140.0 2.073
141.0 0.885
142.0 1.072
143.0 1.072
144.0 1.868
145.0 1.045
146.0 0.955
147.0 0.406
148.0 1.135
149.0 0.606
150.0 0.202
151.0 1.055
152.0 1.721
153.0 0.634
154.0 1.225
155.0 1.452
156.0 0.324
157.0 0.991
158.0 0.297
159.0 0.670
160.0 0.228
161.0 0.738
162.0 1.405
163.0 0.478
164.0 1.180
165.0 1.482
166.0 0.596
167.0 0.786
168.0 0.649
169.0 0.646
170.0 0.922
171.0 0.691
172.0 1.062
173.0 0.718
174.0 0.863
175.0 0.784
176.0 0.162
177.0 0.975
178.0 0.250
179.0 0.844
180.0 0.709
181.0 0.510
182.0 0.932
183.0 1.190
184.0 0.178
185.0 0.554
186.0 0.863
187.0 0.569
188.0 0.446
189.0 0.788
190.0 0.695
191.0 0.457
192.0 0.545
193.0 0.431
194.0 0.620
195.0 0.509
196.0 0.668
197.0 0.343
198.0 0.240
199.0 0.622
200.0 0.269
