1.0 129
2.0 128
3.0 128
4.0 128
5.0 128
6.0 128
7.0 129
8.0 128
9.0 128
10.0 128
11.0 128
12.0 129
13.0 128
14.0 128
15.0 128
16.0 128
17.0 128
18.0 128
19.0 129
20.0 128
21.0 128
22.0 128
23.0 128
24.0 128
25.0 129
26.0 128
27.0 128
28.0 128
29.0 128
30.0 128
31.0 129
32.0 128
33.0 128
34.0 128
35.0 128
36.0 128
37.0 129
38.0 128
39.0 128
40.0 128
41.0 128
42.0 128
43.0 129
44.0 128
45.0 128
46.0 128
47.0 128
48.0 128
49.0 129
50.0 128
51.0 128
52.0 128
53.0 128
54.0 128
55.0 129
56.0 128
57.0 128
58.0 128
59.0 128
60.0 128
61.0 129
62.0 128
63.0 128
64.0 128
65.0 128
66.0 128
67.0 129
68.0 128
69.0 128
70.0 128
71.0 128
72.0 128
73.0 129
74.0 128
75.0 128
76.0 128
77.0 128
78.0 128
79.0 129
80.0 128
81.0 128
82.0 128
83.0 128
84.0 128
85.0 128
86.0 129
87.0 128
88.0 128
89.0 126
90.0 131
91.0 128
92.0 128
93.0 128
94.0 128
95.0 128
96.0 128
97.0 128
98.0 129
99.0 128
100.0 128
101.0 128
102.0 128
103.0 128
104.0 129
105.0 128
106.0 128
107.0 128
108.0 128
109.0 128
110.0 129
111.0 128
112.0 128
113.0 128
114.0 128
115.0 128
116.0 128
117.0 129
118.0 128
119.0 128
120.0 128
121.0 128
122.0 129
123.0 128
124.0 128
125.0 128
126.0 128
127.0 128
128.0 129
129.0 128
130.0 128
131.0 128
132.0 128
133.0 128
134.0 129
135.0 128
136.0 128
137.0 128
138.0 128
139.0 128
140.0 129
141.0 128
142.0 128
143.0 128
144.0 128
145.0 128
146.0 129
147.0 128
148.0 128
149.0 128
150.0 128
151.0 128
152.0 129
153.0 128
154.0 128
155.0 128
156.0 128
157.0 128
158.0 129
159.0 128
160.0 128
161.0 128
162.0 128
163.0 128
164.0 129
165.0 128
166.0 128
167.0 128
168.0 128
169.0 128
170.0 129
171.0 128
172.0 128
173.0 128
174.0 128
175.0 128
176.0 128
177.0 129
178.0 128
179.0 128
180.0 128
181.0 128
181.7 22.7
