1.0 129
2.0 128
3.0 128
4.0 128
5.0 128
6.0 129
7.0 128
8.0 128
9.0 128
10.0 128
11.0 128
12.0 129
13.0 128
14.0 128
15.0 128
16.0 128
17.0 128
18.0 129
19.0 128
20.0 128
21.0 128
22.0 128
23.0 128
24.0 129
25.0 128
26.0 128
27.0 128
28.0 128
29.0 128
30.0 129
31.0 128
32.0 128
33.0 128
34.0 128
35.0 128
36.0 129
37.0 128
38.0 128
39.0 128
40.0 128
41.0 128
42.0 128
43.0 129
44.0 128
45.0 128
46.0 128
47.0 128
48.0 128
49.0 129
50.0 128
51.0 128
52.0 128
53.0 128
54.0 128
55.0 129
56.0 128
57.0 128
58.0 128
59.0 128
60.0 128
61.0 129
62.0 128
63.0 128
64.0 128
65.0 128
66.0 128
67.0 128
68.0 129
69.0 128
70.0 128
71.0 128
72.0 128
73.0 128
74.0 129
75.0 128
76.0 128
77.0 128
78.0 128
79.0 129
80.0 128
81.0 128
82.0 128
83.0 128
84.0 128
85.0 129
86.0 128
87.0 128
88.0 128
89.0 128
90.0 128
91.0 128
92.0 129
93.0 128
94.0 128
95.0 128
96.0 128
97.0 129
98.0 128
99.0 128
100.0 128
101.0 128
102.0 128
103.0 129
104.0 128
105.0 128
106.0 128
107.0 128
108.0 128
109.0 129
110.0 128
111.0 126
112.0 129
113.0 128
114.0 128
115.0 129
116.0 128
117.0 128
118.0 128
119.0 128
120.0 128
121.0 128
122.0 129
123.0 128
124.0 128
125.0 128
126.0 128
127.0 128
128.0 129
129.0 128
130.0 128
131.0 128
132.0 128
133.0 128
134.0 129
135.0 128
136.0 128
137.0 128
138.0 128
139.0 128
140.0 129
141.0 128
142.0 128
143.0 128
144.0 128
145.0 128
146.0 128
147.0 128
148.0 129
149.0 128
150.0 128
151.0 128
152.0 129
153.0 128
154.0 128
155.0 128
156.0 128
157.0 128
158.0 128
159.0 129
160.0 128
161.0 128
162.0 128
163.0 128
164.0 129
165.0 128
166.0 128
167.0 128
168.0 128
169.0 128
170.0 129
171.0 128
172.0 128
173.0 128
174.0 128
175.0 128
176.0 129
177.0 128
178.0 128
179.0 128
180.0 128
181.0 128
182.0 129
183.0 128
184.0 128
185.0 128
186.0 128
187.0 128
188.0 129
189.0 128
190.0 128
191.0 128
192.0 128
193.0 128
194.0 129
195.0 128
196.0 128
197.0 128
198.0 128
199.0 128
200.0 25.0
