1.0 0.016
2.0 0.008
3.0 0.011
4.0 0.017
5.0 0.021
6.0 0.014
7.0 0.012
8.0 0.013
9.0 0.013
10.0 0.019
11.0 0.009
12.0 0.012
13.0 0.011
14.0 0.013
15.0 0.043
16.0 0.040
17.0 0.018
18.0 0.016
19.0 0.014
20.0 0.018
21.0 0.011
22.0 0.006
23.0 0.008
24.0 0.012
25.0 0.010
26.0 0.006
27.0 0.012
28.0 0.012
29.0 0.019
30.0 0.014
31.0 0.016
32.0 0.009
33.0 0.016
34.0 0.027
35.0 0.008
36.0 0.010
37.0 0.012
38.0 0.005
39.0 0.009
40.0 0.011
41.0 0.007
42.0 0.011
43.0 0.017
44.0 0.012
45.0 0.010
46.0 0.011
47.0 0.011
48.0 0.031
49.0 0.016
50.0 0.024
51.0 0.009
52.0 0.009
53.0 0.010
54.0 0.017
55.0 0.011
56.0 0.014
57.0 0.009
58.0 0.009
59.0 0.022
60.0 0.010
61.0 0.008
62.0 0.010
63.0 0.031
64.0 0.010
65.0 0.021
66.0 0.018
67.0 0.012
68.0 0.015
69.0 0.015
70.0 0.014
71.0 0.022
72.0 0.013
73.0 0.019
74.0 0.006
75.0 0.010
76.0 0.008
77.0 0.009
78.0 0.010
79.0 0.007
80.0 0.007
81.0 0.006
82.0 0.005
83.0 0.016
84.0 0.007
85.0 0.011
86.0 0.008
87.0 0.009
88.0 0.015
89.0 0.024
90.0 0.018
91.0 0.013
92.0 0.012
93.0 0.009
94.0 0.007
95.0 0.007
96.0 0.006
97.0 0.011
98.0 0.013
99.0 0.011
100.0 0.010
101.0 0.018
102.0 0.022
103.0 0.010
104.0 0.009
105.0 0.006
106.0 0.034
107.0 0.016
108.0 0.035
109.0 0.012
110.0 0.012
111.0 0.018
112.0 0.013
113.0 0.018
114.0 0.020
115.0 0.016
116.0 0.028
117.0 0.013
118.0 0.009
119.0 0.017
120.0 0.012
121.0 0.005
122.0 0.019
123.0 0.009
124.0 0.010
125.0 0.023
126.0 0.011
127.0 0.020
128.0 0.008
129.0 0.014
130.0 0.008
131.0 0.018
132.0 0.014
133.0 0.006
134.0 0.011
135.0 0.014
136.0 0.008
137.0 0.013
138.0 0.016
139.0 0.033
140.0 0.008
141.0 0.013
142.0 0.005
143.0 0.011
144.0 0.008
145.0 0.005
146.0 0.013
147.0 0.032
148.0 0.011
149.0 0.016
150.0 0.005
151.0 0.009
152.0 0.027
153.0 0.005
154.0 0.012
155.0 0.013
156.0 0.008
157.0 0.013
158.0 0.012
159.0 0.018
160.0 0.017
161.0 0.018
162.0 0.021
163.0 0.012
164.0 0.017
165.0 0.013
166.0 0.007
167.0 0.012
168.0 0.010
169.0 0.015
170.0 0.009
171.0 0.016
172.0 0.009
173.0 0.007
174.0 0.014
175.0 0.017
176.0 0.017
177.0 0.041
178.0 0.015
179.0 0.006
180.0 0.009
181.0 0.018
182.0 0.015
183.0 0.015
184.0 0.018
185.0 0.012
186.0 0.014
187.0 0.017
188.0 0.035
189.0 0.010
190.0 0.013
191.0 0.011
192.0 0.020
193.0 0.016
194.0 0.014
195.0 0.011
196.0 0.008
197.0 0.007
198.0 0.006
199.0 0.008
200.0 0.008
