1.0 3.38
2.0 3.12
3.0 3.12
4.0 3.12
5.0 3.12
6.0 3.12
7.0 3.12
8.0 3.12
9.0 3.12
10.0 3.12
11.0 3.12
12.0 3.06
13.0 3.19
14.0 3.12
15.0 3.12
16.0 3.12
17.0 3.12
18.0 3.12
19.0 3.12
20.0 3.12
21.0 3.12
22.0 3.12
23.0 3.12
24.0 3.12
25.0 3.13
26.0 3.12
27.0 3.12
28.0 3.12
29.0 3.12
30.0 3.12
31.0 3.12
32.0 3.12
33.0 3.12
34.0 3.12
35.0 3.12
36.0 3.12
37.0 3.12
38.0 3.12
39.0 3.12
40.0 3.12
41.0 3.12
42.0 3.12
43.0 3.12
44.0 3.12
45.0 3.12
46.0 3.12
47.0 3.12
48.0 3.12
49.0 3.12
50.0 3.12
51.0 3.12
52.0 3.12
53.0 3.12
54.0 3.12
55.0 3.06
56.0 3.19
57.0 3.12
58.0 3.12
59.0 3.12
60.0 3.12
61.0 3.12
62.0 3.12
63.0 3.12
64.0 3.06
65.0 3.19
66.0 3.12
67.0 3.12
68.0 3.12
69.0 3.12
70.0 3.12
71.0 3.06
72.0 3.19
73.0 3.12
74.0 3.12
75.0 3.12
76.0 3.12
77.0 3.12
78.0 3.12
79.0 3.12
80.0 3.12
81.0 3.12
82.0 3.00
83.0 3.12
84.0 3.12
85.0 3.12
86.0 3.06
87.0 3.19
88.0 3.25
89.0 3.12
90.0 3.12
91.0 3.00
92.0 3.12
93.0 3.12
94.0 3.12
95.0 3.12
96.0 3.12
97.0 3.12
98.0 3.12
99.0 3.12
100.0 3.12
101.0 3.19
102.0 3.12
103.0 3.06
104.0 3.19
105.0 3.12
106.0 3.12
107.0 3.12
108.0 3.12
109.0 3.06
110.0 3.12
111.0 3.12
112.0 3.19
113.0 3.12
114.0 3.12
115.0 3.00
116.0 3.19
117.0 3.19
118.0 3.12
119.0 3.06
120.0 3.12
121.0 3.13
122.0 3.12
123.0 3.13
124.0 3.12
125.0 3.12
126.0 3.19
127.0 3.06
128.0 3.12
129.0 3.12
130.0 3.12
131.0 3.19
132.0 3.12
133.0 3.06
134.0 3.12
135.0 3.25
136.0 3.12
137.0 3.12
138.0 3.12
139.0 3.12
140.0 3.12
141.0 3.06
142.0 3.19
143.0 3.12
144.0 3.12
145.0 3.12
146.0 3.06
147.0 3.19
148.0 3.12
149.0 3.12
150.0 3.00
151.0 3.25
152.0 3.00
153.0 3.25
154.0 3.12
155.0 3.12
156.0 3.12
157.0 3.12
158.0 3.12
159.0 3.06
160.0 3.19
161.0 3.12
162.0 3.12
163.0 3.12
164.0 3.12
165.0 3.12
166.0 3.12
167.0 3.12
168.0 3.00
169.0 3.25
170.0 3.12
171.0 3.13
172.0 3.00
173.0 3.25
174.0 3.13
175.0 3.00
176.0 3.25
177.0 3.12
178.0 3.12
179.0 3.12
180.0 3.12
181.0 3.12
182.0 3.06
183.0 3.19
184.0 3.12
185.0 3.12
186.0 3.12
187.0 3.06
188.0 3.19
189.0 3.12
190.0 3.12
191.0 3.06
192.0 3.12
193.0 3.06
194.0 3.19
195.0 3.12
196.0 3.12
197.0 3.12
198.0 3.12
199.0 3.12
200.0 3.06
