1.0 1.06
2.0 1.05
3.0 1.05
4.0 1.05
5.0 1.05
6.0 1.05
7.0 1.06
8.0 1.05
9.0 1.05
10.0 1.05
11.0 1.05
12.0 1.06
13.0 1.05
14.0 1.05
15.0 1.05
16.0 1.05
17.0 1.05
18.0 1.05
19.0 1.06
20.0 1.05
21.0 1.05
22.0 1.05
23.0 1.05
24.0 1.05
25.0 1.06
26.0 1.05
27.0 1.05
28.0 1.05
29.0 1.05
30.0 1.05
31.0 1.06
32.0 1.05
33.0 1.05
34.0 1.05
35.0 1.05
36.0 1.05
37.0 1.06
38.0 1.05
39.0 1.05
40.0 1.05
41.0 1.05
42.0 1.05
43.0 1.06
44.0 1.05
45.0 1.05
46.0 1.05
47.0 1.05
48.0 1.05
49.0 1.06
50.0 1.05
51.0 1.05
52.0 1.05
53.0 1.05
54.0 1.05
55.0 1.06
56.0 1.05
57.0 1.05
58.0 1.05
59.0 1.05
60.0 1.05
61.0 1.06
62.0 1.05
63.0 1.05
64.0 1.05
65.0 1.05
66.0 1.05
67.0 1.06
68.0 1.05
69.0 1.05
70.0 1.05
71.0 1.05
72.0 1.05
73.0 1.06
74.0 1.05
75.0 1.05
76.0 1.05
77.0 1.05
78.0 1.05
79.0 1.06
80.0 1.05
81.0 1.05
82.0 1.05
83.0 1.05
84.0 1.05
85.0 1.05
86.0 1.06
87.0 1.05
88.0 1.05
89.0 1.03
90.0 1.07
91.0 1.05
92.0 1.05
93.0 1.05
94.0 1.05
95.0 1.05
96.0 1.05
97.0 1.05
98.0 1.06
99.0 1.05
100.0 1.05
101.0 1.05
102.0 1.05
103.0 1.05
104.0 1.06
105.0 1.05
106.0 1.05
107.0 1.05
108.0 1.05
109.0 1.05
110.0 1.06
111.0 1.05
112.0 1.05
113.0 1.05
114.0 1.05
115.0 1.05
116.0 1.05
117.0 1.06
118.0 1.05
119.0 1.05
120.0 1.05
121.0 1.05
122.0 1.06
123.0 1.05
124.0 1.05
125.0 1.05
126.0 1.05
127.0 1.05
128.0 1.06
129.0 1.05
130.0 1.05
131.0 1.05
132.0 1.05
133.0 1.05
134.0 1.06
135.0 1.05
136.0 1.05
137.0 1.05
138.0 1.05
139.0 1.05
140.0 1.06
141.0 1.05
142.0 1.05
143.0 1.05
144.0 1.05
145.0 1.05
146.0 1.06
147.0 1.05
148.0 1.05
149.0 1.05
150.0 1.05
151.0 1.05
152.0 1.06
153.0 1.05
154.0 1.05
155.0 1.05
156.0 1.05
157.0 1.05
158.0 1.06
159.0 1.05
160.0 1.05
161.0 1.05
162.0 1.05
163.0 1.05
164.0 1.06
165.0 1.05
166.0 1.05
167.0 1.05
168.0 1.05
169.0 1.05
170.0 1.06
171.0 1.05
172.0 1.05
173.0 1.05
174.0 1.05
175.0 1.05
176.0 1.05
177.0 1.06
178.0 1.05
179.0 1.05
180.0 1.05
181.0 1.05
181.7 1.05
