1.0 28.3
2.0 26.2
3.0 26.2
4.0 26.2
5.0 26.2
6.0 26.2
7.0 26.2
8.0 26.2
9.0 26.2
10.0 26.2
11.0 26.2
12.0 26.2
13.0 26.2
14.0 26.2
15.0 26.2
16.0 26.2
17.0 26.2
18.0 26.2
19.0 26.2
20.0 26.2
21.0 26.2
22.0 26.2
23.0 26.2
24.0 26.2
25.0 26.2
26.0 25.7
27.0 26.7
28.0 26.2
29.0 25.7
30.0 26.2
31.0 26.2
32.0 26.2
33.0 26.2
34.0 26.2
35.0 26.2
36.0 26.2
37.0 26.2
38.0 26.2
39.0 26.2
40.0 26.2
41.0 26.2
42.0 26.2
43.0 26.2
44.0 26.2
45.0 26.2
46.0 26.2
47.0 26.2
48.0 26.2
49.0 26.7
50.0 26.2
51.0 26.2
52.0 25.7
53.0 26.2
54.0 26.2
55.0 26.2
56.0 26.2
57.0 26.2
58.0 26.2
59.0 26.2
60.0 26.2
61.0 26.2
62.0 26.2
63.0 26.2
64.0 26.2
65.0 26.2
66.0 26.2
67.0 26.2
68.0 26.2
69.0 26.2
70.0 26.2
71.0 26.2
72.0 26.2
73.0 26.2
74.0 26.2
75.0 26.2
76.0 26.2
77.0 26.2
78.0 26.2
79.0 26.2
80.0 26.2
81.0 26.2
82.0 26.7
83.0 26.2
84.0 26.2
85.0 26.2
86.0 26.2
87.0 26.2
88.0 25.7
89.0 26.2
90.0 26.2
91.0 26.2
92.0 26.2
93.0 26.2
94.0 26.2
95.0 26.2
96.0 26.2
97.0 26.2
98.0 26.2
99.0 26.2
100.0 26.2
101.0 26.2
102.0 26.2
103.0 26.2
104.0 26.2
105.0 26.2
106.0 26.2
107.0 26.2
108.0 26.2
109.0 26.2
110.0 26.2
111.0 26.2
112.0 26.2
113.0 26.2
114.0 26.7
115.0 26.2
116.0 26.2
117.0 25.7
118.0 26.7
119.0 26.2
120.0 26.2
121.0 26.2
122.0 26.2
123.0 26.2
124.0 26.2
125.0 26.2
126.0 25.7
127.0 26.2
128.0 26.2
129.0 26.2
130.0 26.2
131.0 26.2
132.0 26.2
133.0 26.2
134.0 26.2
135.0 26.2
136.0 26.2
137.0 26.2
138.0 26.2
139.0 26.2
140.0 26.2
141.0 26.2
142.0 26.2
143.0 26.2
144.0 26.2
145.0 26.2
146.0 26.2
147.0 26.2
148.0 26.2
149.0 26.2
150.0 26.2
151.0 26.2
152.0 26.2
153.0 26.2
154.0 26.2
155.0 26.2
156.0 26.2
157.0 26.2
158.0 26.2
159.0 26.2
160.0 26.2
161.0 26.2
162.0 26.2
163.0 26.2
164.0 26.2
165.0 26.2
166.0 26.2
167.0 26.2
168.0 26.2
169.0 26.2
170.0 26.2
171.0 26.2
172.0 26.2
173.0 26.2
174.0 26.2
175.0 26.2
176.0 26.2
177.0 26.2
178.0 26.2
179.0 26.2
180.0 26.2
181.0 26.2
182.0 26.2
183.0 26.2
184.0 26.2
185.0 26.2
186.0 26.2
187.0 26.2
188.0 26.2
189.0 26.2
190.0 26.2
191.0 26.2
192.0 26.2
193.0 26.2
194.0 26.2
195.0 26.2
196.0 26.2
197.0 26.2
198.0 26.2
199.0 26.2
200.0 25.7
