1.0 0.020
2.0 0.021
3.0 0.029
4.0 0.019
5.0 0.023
6.0 0.013
7.0 0.008
8.0 0.012
9.0 0.019
10.0 0.016
11.0 0.013
12.0 0.017
13.0 0.021
14.0 0.017
15.0 0.014
16.0 0.019
17.0 0.012
18.0 0.012
19.0 0.011
20.0 0.028
21.0 0.216
22.0 0.017
23.0 0.015
24.0 0.025
25.0 0.018
26.0 0.015
27.0 0.029
28.0 0.007
29.0 0.011
30.0 0.019
31.0 0.015
32.0 0.010
33.0 0.011
34.0 0.019
35.0 0.010
36.0 0.007
37.0 0.010
38.0 0.017
39.0 0.013
40.0 0.014
41.0 0.011
42.0 0.017
43.0 0.018
44.0 0.029
45.0 0.016
46.0 0.017
47.0 0.015
48.0 0.009
49.0 0.010
50.0 0.016
51.0 0.014
52.0 0.020
53.0 0.012
54.0 0.020
55.0 0.013
56.0 0.014
57.0 0.017
58.0 0.014
59.0 0.011
60.0 0.014
61.0 0.011
62.0 0.013
63.0 0.019
64.0 0.018
65.0 0.012
66.0 0.008
67.0 0.008
68.0 0.018
69.0 0.020
70.0 0.018
71.0 0.017
72.0 0.011
73.0 0.022
74.0 0.014
75.0 0.013
76.0 0.018
77.0 0.013
78.0 0.020
79.0 0.017
80.0 0.019
81.0 0.025
82.0 0.012
83.0 0.018
84.0 0.011
85.0 0.009
86.0 0.017
87.0 0.021
88.0 0.021
89.0 0.018
90.0 0.014
91.0 0.022
92.0 0.013
93.0 0.016
94.0 0.011
95.0 0.013
96.0 0.011
97.0 0.015
98.0 0.014
99.0 0.016
100.0 0.015
101.0 0.016
102.0 0.009
103.0 0.010
104.0 0.010
105.0 0.016
106.0 0.017
107.0 0.023
108.0 0.012
109.0 0.013
110.0 0.014
111.0 0.011
112.0 0.007
113.0 0.015
114.0 0.020
115.0 0.010
116.0 0.008
117.0 0.013
118.0 0.022
119.0 0.010
120.0 0.015
121.0 0.015
122.0 0.011
123.0 0.016
124.0 0.014
125.0 0.015
126.0 0.007
127.0 0.011
128.0 0.009
129.0 0.012
130.0 0.012
131.0 0.012
132.0 0.018
133.0 0.012
134.0 0.015
135.0 0.008
136.0 0.015
137.0 0.010
138.0 0.007
139.0 0.009
140.0 0.007
141.0 0.014
142.0 0.011
143.0 0.015
144.0 0.013
145.0 0.016
146.0 0.007
147.0 0.010
148.0 0.020
149.0 0.019
150.0 0.027
151.0 0.026
152.0 0.015
153.0 0.012
154.0 0.012
155.0 0.014
156.0 0.011
157.0 0.014
158.0 0.011
159.0 0.013
160.0 0.017
161.0 0.012
162.0 0.020
163.0 0.029
164.0 0.014
165.0 0.027
166.0 0.014
167.0 0.018
168.0 0.013
169.0 0.011
170.0 0.014
171.0 0.020
172.0 0.018
173.0 0.018
174.0 0.014
175.0 0.012
176.0 0.021
177.0 0.015
178.0 0.006
179.0 0.006
180.0 0.009
181.0 0.011
181.7 0.012
